position:      22.3357 27.4554 21.2042
orientation:   -0.36049 0.35796 0.13939 0.849989
field_of_view: 0.815433
