position:      23.0228 27.6056 22.2094
orientation:   -0.3536 0.350909 0.139778 0.855741
field_of_view: 0.811237
