position:      22.8355 27.8924 22.0167
orientation:   -0.358864 0.350097 0.142243 0.853472
field_of_view: 0.811237
