position:      27.7941 23.0582 18.9355
orientation:   -0.321374 0.432312 0.0188035 0.842301
field_of_view: 0.785398
